Multiple size <= 100
TEST 1 ARG:91 98 50 28 82 89 84 15 61 76 5 38 59 80 64 1 17 55 14 10 58 74 63 66 45 42 33 75 40 65 35 47 36 30 13 67 54 41 4 2 71 73 7 34 39 72 21 90 87 92 23 19 16 86 48 60 56 81 70 44 62 77 49 11 32 85 3 88 93 25 52 31 6 18 96 37 0 97 46 51 20 95 78 29 8 24 12 43 57 27 53 94 68 22 26 69 9 79 99 83
TEST 2 ARG:74 17 16 88 24 5 91 85 9 28 32 50 70 25 65 0 2 45 23 78 56 99 82 76 36 15 58 22 59 69 67 26 49 63 77 1 72 30 27 90 71 96 52 98 42 95 44 80 57 3 79 47 68 7 19 48 20 21 13 38 62 10 54 89 39 46 35 33 92 12 61 66 81 31 87 6 55 18 86 60 11 43 84 75 83 29 64 37 53 41 93 51 40 94 4 8 97 73 34 14
TEST 3 ARG:28 84 45 61 4 30 38 42 96 47 27 25 55 20 80 5 44 60 68 77 65 62 37 14 58 97 71 83 6 35 91 73 74 33 12 51 86 39 57 22 75 0 41 76 32 3 26 21 95 87 90 29 72 11 99 94 82 67 31 59 24 23 36 81 50 70 63 49 88 18 16 48 9 69 7 78 17 79 85 98 1 46 13 52 43 92 2 53 93 64 8 34 54 19 15 40 56 89 10 66
TEST 4 ARG:46 24 87 72 96 97 12 62 20 78 73 2 21 49 70 13 32 38 47 91 16 34 99 27 85 92 55 84 51 59 63 81 37 3 64 58 74 65 79 44 29 45 88 69 56 4 11 8 94 86 6 10 76 22 33 90 7 61 68 93 28 66 54 82 39 25 41 9 19 15 71 42 53 89 23 57 40 60 52 77 35 43 98 80 83 5 31 14 17 50 67 30 95 26 75 0 1 48 18 36
TEST 5 ARG:8 95 66 82 54 45 86 59 55 85 9 0 13 94 40 47 35 1 48 72 49 61 78 37 62 16 67 43 38 28 60 81 44 19 77 74 70 39 87 36 98 23 2 4 20 93 34 52 53 57 21 32 5 7 24 71 27 29 97 92 89 84 42 25 50 56 12 33 41 64 83 79 51 96 65 26 68 17 31 15 69 58 11 91 6 10 46 3 18 14 88 90 99 80 76 73 22 75 30 63
TEST 6 ARG:80 79 92 0 2 55 77 90 8 70 42 25 24 28 44 11 36 62 85 60 59 71 58 72 34 5 99 57 21 10 64 38 76 56 7 29 69 61 20 15 4 83 37 16 47 18 46 19 17 51 32 6 98 93 3 30 95 1 81 27 35 74 14 78 41 75 82 96 26 48 52 67 88 54 13 49 86 89 66 31 84 87 68 73 53 43 40 94 12 9 45 22 39 50 65 33 23 63 91 97
TEST 7 ARG:23 46 69 56 35 67 27 71 30 97 28 4 16 62 12 40 15 59 61 53 48 41 72 78 21 49 88 6 57 33 94 92 51 14 7 58 43 0 54 52 8 1 99 9 81 93 80 91 31 60 47 32 55 98 44 86 22 77 96 42 29 79 84 64 3 17 25 38 5 70 10 13 66 63 85 18 75 83 74 2 89 24 76 68 82 73 50 37 87 20 39 45 26 34 95 65 36 11 90 19
TEST 8 ARG:42 30 14 3 67 75 70 71 62 83 41 24 84 18 93 5 72 39 25 26 7 68 64 38 76 34 44 20 28 12 50 92 55 32 81 59 51 66 54 94 49 53 35 45 77 89 6 2 56 1 11 40 9 61 27 87 96 69 13 91 36 82 29 23 15 99 98 37 8 63 74 73 16 4 0 65 95 60 90 43 10 58 80 57 52 86 48 21 17 46 88 85 19 47 22 33 79 97 78 31
TEST 9 ARG:75 54 29 89 17 98 13 79 41 64 58 57 43 47 68 23 99 16 50 36 97 53 76 56 94 1 9 27 28 77 42 3 0 25 12 96 10 73 69 70 30 52 20 19 33 4 31 15 65 91 81 7 80 39 67 8 51 21 2 37 38 49 78 34 35 11 14 60 92 63 86 45 72 71 61 40 74 6 24 90 85 22 93 95 83 84 82 62 48 5 46 88 44 26 59 32 87 66 18 55
TEST 10 ARG:31 47 43 57 61 72 87 93 35 1 17 52 51 84 88 41 45 54 8 44 67 11 56 24 89 36 16 81 96 2 40 91 76 21 53 38 86 10 49 66 19 5 25 98 79 90 30 9 22 42 6 15 85 50 48 34 71 92 20 62 3 77 32 75 70 95 65 73 58 27 83 69 37 23 64 60 14 74 82 55 29 99 26 7 97 39 80 18 13 33 94 12 46 28 78 59 0 63 4 68
TEST 11 ARG:97 83 36 44 76 84 25 94 14 70 16 60 99 19 61 2 46 40 75 53 35 89 9 54 3 12 86 59 7 32 93 28 67 6 5 30 21 55 11 42 58 81 62 10 52 23 22 29 34 90 15 72 71 96 74 18 26 68 79 91 56 41 64 63 0 98 4 27 85 33 38 48 80 45 69 66 13 31 88 57 24 87 77 51 43 82 49 65 20 92 78 17 39 8 1 73 95 50 47 37
TEST 12 ARG:38 27 99 19 3 22 25 65 26 34 70 61 56 21 80 96 15 71 18 95 2 10 51 92 0 75 48 69 89 6 12 31 43 53 73 63 81 54 67 46 94 72 78 59 35 74 47 60 39 77 58 85 79 91 41 23 11 17 33 82 40 87 62 84 8 64 16 20 24 45 37 30 32 83 68 76 36 66 13 90 28 29 50 7 44 57 49 1 86 14 98 4 42 5 88 52 55 97 93 9
TEST 13 ARG:68 77 56 52 76 99 33 9 57 72 60 92 91 36 39 28 69 74 35 80 87 16 85 88 96 1 65 2 66 17 26 23 46 42 18 63 14 11 89 93 70 51 83 6 7 15 55 0 24 27 75 44 38 45 48 53 81 31 19 13 50 41 37 82 98 54 73 78 49 86 61 32 29 97 47 71 59 12 67 21 40 62 10 90 94 8 34 25 64 4 84 43 30 20 79 95 22 58 5 3
TEST 14 ARG:12 20 51 43 19 28 83 23 36 63 94 2 21 84 59 56 44 32 9 96 14 77 78 89 3 50 34 39 5 61 41 58 17 67 1 16 99 42 6 79 82 26 74 38 10 64 24 0 35 65 80 87 30 86 47 69 18 66 72 76 95 8 33 57 97 60 4 22 11 37 70 45 55 7 53 81 93 31 68 91 15 54 27 29 25 48 73 85 13 90 75 49 71 92 62 40 88 52 46 98
TEST 15 ARG:28 35 97 0 10 38 43 70 81 73 56 53 13 86 92 72 22 66 91 68 88 96 12 60 1 48 31 85 33 3 54 71 20 83 61 87 39 80 23 17 50 49 95 77 37 46 94 47 27 19 34 4 76 98 8 15 89 55 25 67 59 57 40 32 16 75 26 52 51 7 14 5 74 18 78 24 82 11 79 21 42 9 93 44 63 58 84 90 2 45 99 29 65 69 30 41 64 6 62 36
TEST 16 ARG:47 38 69 72 32 80 49 18 4 21 34 88 22 68 41 9 55 52 91 12 95 85 58 93 82 0 24 87 77 75 2 76 78 39 17 71 67 64 6 50 79 14 56 70 90 25 74 48 27 98 13 3 62 53 10 20 31 43 1 61 42 45 60 84 96 29 65 30 33 37 5 81 83 16 94 19 26 89 40 63 11 7 92 35 28 51 23 99 57 15 97 46 36 59 54 86 44 73 66 8
TEST 17 ARG:32 29 56 47 37 1 5 98 64 27 59 25 35 91 26 31 23 38 77 60 3 82 40 65 21 88 86 41 48 20 12 46 10 6 74 7 71 2 87 68 44 51 16 81 95 39 52 33 30 61 83 58 11 28 22 62 17 90 36 24 67 78 13 50 75 94 69 99 80 0 42 84 70 4 57 96 85 73 89 49 43 14 8 53 76 18 54 45 79 66 9 55 19 15 34 92 93 97 63 72
TEST 18 ARG:81 59 86 84 61 45 20 97 19 80 24 28 58 90 53 67 32 35 4 64 89 75 33 69 49 96 37 65 5 78 88 62 41 44 31 11 48 57 63 26 6 76 83 12 68 42 13 74 21 91 15 43 9 82 99 8 95 7 55 25 1 51 46 2 98 10 79 38 39 17 40 18 87 30 16 73 71 47 29 77 34 85 22 27 70 66 36 23 92 94 54 52 3 0 72 14 93 56 60 50
TEST 19 ARG:44 67 53 8 52 59 45 25 4 32 18 51 3 98 79 81 20 26 2 80 75 57 24 60 84 54 66 87 73 88 83 7 86 90 37 97 77 93 36 31 48 94 47 12 64 40 55 89 38 85 70 91 74 9 33 42 5 99 49 41 27 82 65 71 68 72 58 69 1 28 34 61 63 46 39 10 29 62 15 13 50 17 95 23 30 19 78 22 16 6 0 21 43 14 76 35 11 56 92 96
TEST 20 ARG:35 37 19 76 77 52 57 47 43 11 24 81 82 13 64 94 39 63 83 27 41 14 0 88 91 89 29 65 68 3 18 84 86 67 8 75 60 95 31 25 69 28 70 80 22 23 49 20 30 66 85 87 59 46 97 44 4 33 17 48 21 61 34 98 58 54 71 50 38 32 56 5 7 16 99 2 10 45 36 96 12 55 40 78 90 79 53 62 92 15 93 9 26 74 72 6 73 51 1 42
TEST 21 ARG:57 37 0 14 98 25 17 11 24 4 85 72 45 81 88 48 44 93 38 20 42 74 91 40 41 28 97 47 59 61 58 52 31 84 7 60 80 95 55 3 99 10 75 86 56 39 50 23 51 19 15 1 35 36 64 16 82 21 62 87 96 26 69 63 33 67 34 94 71 2 66 76 8 78 43 12 32 22 90 5 49 18 89 46 92 13 29 27 83 53 73 70 6 65 9 68 54 79 77 30
TEST 22 ARG:52 28 96 46 65 83 13 73 86 44 93 23 58 84 89 57 60 62 35 95 12 72 87 78 67 90 8 22 26 61 64 59 6 55 98 4 56 30 31 85 51 75 20 34 32 40 1 66 11 99 27 25 53 0 33 48 94 5 80 47 37 18 81 74 54 21 43 15 76 2 24 79 16 39 82 42 38 45 91 41 70 7 49 3 68 92 71 14 29 36 88 17 69 10 50 77 9 19 63 97
TEST 23 ARG:94 50 56 37 40 61 62 72 44 53 86 3 39 13 36 8 22 98 2 49 28 17 27 14 19 87 65 88 64 97 55 54 18 89 91 68 79 60 66 32 71 73 1 30 33 95 9 46 58 26 12 7 25 52 16 90 96 47 70 42 38 84 80 15 75 41 4 5 11 99 43 92 34 21 0 77 51 81 83 6 82 29 74 63 24 59 76 48 69 67 31 93 45 57 35 23 20 78 85 10
TEST 24 ARG:57 3 34 39 50 11 97 89 80 18 5 65 60 77 92 47 68 49 38 23 36 21 86 54 16 40 29 76 7 59 45 25 43 19 4 2 67 71 14 79 26 30 55 42 8 10 20 35 82 46 56 17 32 1 70 22 96 87 15 24 58 75 91 88 61 28 64 37 48 0 44 95 90 98 13 52 73 9 27 78 62 83 94 99 31 74 66 81 85 63 84 41 69 53 51 72 12 93 6 33
TEST 25 ARG:68 1 56 85 81 27 49 53 48 62 14 28 50 64 17 67 2 60 0 66 74 7 52 97 55 96 93 80 57 29 82 12 79 19 92 40 20 22 47 63 54 18 99 23 91 71 41 4 9 36 75 10 15 46 38 3 73 13 11 39 78 58 70 95 45 42 59 8 88 26 6 34 90 43 83 86 35 44 84 61 32 76 25 94 37 16 89 65 30 21 33 24 72 98 87 5 51 31 69 77
TEST 26 ARG:36 82 56 33 38 26 34 75 37 47 79 78 31 35 84 30 20 18 88 53 42 44 96 80 46 43 54 52 62 55 40 69 10 64 67 28 15 59 65 22 17 94 70 25 12 29 5 87 45 97 1 51 3 19 81 13 58 77 74 86 9 14 92 83 99 72 68 0 90 91 16 60 21 98 4 24 95 11 63 57 50 85 8 76 66 41 7 93 6 27 32 73 23 61 71 39 48 49 2 89
TEST 27 ARG:64 11 78 61 74 54 60 59 1 94 37 38 2 6 69 96 76 14 39 92 36 51 23 35 29 66 88 46 10 47 90 22 97 91 89 58 77 45 17 0 20 81 42 13 53 98 5 82 18 50 19 52 26 7 15 70 79 83 84 25 86 95 31 85 9 43 16 65 41 67 33 4 48 44 68 75 49 93 28 30 40 3 63 72 12 8 99 34 62 87 21 57 55 24 56 27 80 73 71 32
TEST 28 ARG:49 85 56 39 48 79 53 14 70 65 63 74 4 80 88 22 43 97 75 90 96 64 76 47 61 27 36 9 7 8 35 67 28 50 0 89 38 86 1 23 6 2 71 21 72 42 62 81 29 33 16 34 11 82 58 15 94 30 17 31 32 19 54 91 18 12 20 92 84 83 78 41 3 37 44 24 60 5 51 66 40 46 45 57 55 87 25 99 95 98 69 68 10 77 52 26 59 73 13 93
TEST 29 ARG:87 54 2 26 96 60 14 45 99 44 67 95 37 83 23 42 62 50 4 16 69 68 31 61 25 82 35 40 39 98 46 63 3 52 19 58 80 41 21 22 57 38 49 10 65 70 78 86 15 81 47 1 66 71 24 85 7 97 12 43 18 27 72 92 8 51 84 30 0 76 75 5 73 33 56 90 74 79 9 6 77 28 91 48 53 13 29 32 55 36 93 20 59 17 89 64 88 94 34 11
TEST 30 ARG:86 44 22 8 27 17 76 20 53 42 69 35 2 9 26 59 57 0 88 74 78 25 51 56 49 11 97 80 61 23 34 70 36 29 99 60 14 32 82 65 67 91 45 10 7 3 62 95 15 75 24 6 21 72 5 73 52 33 39 50 90 85 63 16 1 66 47 4 81 94 93 68 54 38 40 83 30 71 84 58 41 87 48 31 12 96 37 43 46 92 18 13 28 55 98 64 79 77 89 19
TEST 31 ARG:4 7 88 28 93 68 86 8 25 69 3 85 99 64 0 98 91 24 47 92 57 37 71 90 79 74 15 14 63 20 54 81 34 97 40 80 22 75 51 35 58 66 42 30 31 87 70 2 65 60 55 46 89 94 1 13 61 33 9 82 77 76 67 12 10 36 21 38 26 5 59 18 19 17 32 41 56 53 78 50 23 95 16 52 39 62 44 29 96 72 84 83 45 11 49 73 6 27 48 43
TEST 32 ARG:69 0 3 49 43 72 23 64 71 68 66 62 46 16 91 10 9 78 44 37 20 89 47 74 73 42 17 75 61 11 58 93 87 99 28 51 63 85 33 32 27 96 57 86 26 14 6 30 4 92 40 15 56 79 88 70 95 83 34 52 18 1 84 39 38 13 77 41 45 80 81 82 21 54 5 65 29 67 55 19 90 2 97 48 25 59 36 50 94 60 24 22 7 8 53 98 76 35 12 31
TEST 33 ARG:88 44 92 12 50 0 78 25 63 98 11 21 40 45 7 62 99 90 6 59 81 37 54 4 36 65 47 69 97 32 13 91 61 30 51 76 72 10 55 33 22 83 82 89 2 35 38 74 8 49 79 46 24 29 15 41 95 71 60 31 58 94 17 56 77 27 85 84 43 9 53 14 48 87 75 67 16 1 57 66 26 68 86 18 73 34 5 39 19 93 3 70 42 52 96 64 80 28 23 20
TEST 34 ARG:41 28 25 99 52 66 37 64 40 11 58 47 53 26 36 63 30 39 35 0 20 3 5 10 23 67 54 12 94 1 79 60 45 65 46 59 16 93 29 9 62 91 49 74 50 44 80 77 87 75 78 76 7 19 6 55 95 32 68 97 43 86 90 96 51 92 27 21 18 81 61 42 33 48 89 82 34 73 4 56 69 88 70 85 22 8 15 57 13 98 14 38 83 17 84 72 2 71 31 24
TEST 35 ARG:84 36 33 87 96 88 66 78 55 39 94 30 12 95 42 13 47 1 31 3 43 38 81 26 60 85 62 4 92 45 91 35 76 64 46 44 86 9 72 32 50 29 83 65 41 70 98 74 28 14 20 11 6 67 51 15 97 58 77 68 25 27 59 71 37 90 73 0 79 19 48 5 53 61 8 2 89 17 10 16 34 99 82 54 40 63 23 52 69 75 56 24 21 93 49 18 22 7 80 57
TEST 36 ARG:70 47 60 9 92 59 56 3 23 52 48 86 43 63 13 46 62 41 75 61 5 4 57 67 27 16 7 81 14 1 26 30 80 99 85 8 28 39 95 45 65 66 38 0 15 32 6 64 69 11 83 22 78 37 29 42 50 91 55 72 98 20 88 24 34 87 82 44 21 93 54 89 90 18 36 97 53 76 96 74 79 2 94 12 68 10 25 40 71 33 17 51 77 35 73 31 58 84 19 49
TEST 37 ARG:22 18 20 97 34 85 48 82 75 56 41 6 66 1 24 80 87 63 62 60 19 37 98 53 69 2 74 88 81 33 61 26 15 4 51 47 43 31 13 89 25 91 46 39 7 16 30 5 59 23 35 92 27 73 90 21 8 0 38 93 40 29 65 11 77 78 28 50 96 58 55 49 83 70 72 68 10 3 12 17 42 84 86 36 14 9 79 32 57 64 45 52 67 71 76 94 54 99 44 95
TEST 38 ARG:3 59 92 23 71 88 87 56 96 33 89 85 95 70 62 43 40 81 10 14 83 72 37 58 6 5 26 22 35 90 34 80 94 12 74 79 11 29 31 78 57 76 45 54 49 65 52 69 21 15 27 99 28 4 30 46 38 60 44 93 7 68 51 20 64 67 55 97 86 1 2 98 16 18 24 17 36 91 41 63 82 66 32 75 13 25 84 48 61 0 73 50 42 9 19 39 47 53 77 8
TEST 39 ARG:29 70 41 43 42 63 92 33 10 31 69 34 95 61 24 21 77 75 5 78 13 71 62 64 23 52 18 76 55 32 44 51 85 46 60 40 59 93 54 97 38 14 96 11 90 15 48 80 37 53 98 12 66 87 9 65 50 4 58 47 0 57 68 84 67 79 82 74 7 20 26 45 30 94 99 2 1 49 91 83 25 86 8 27 16 88 35 72 22 81 39 36 17 89 19 73 6 28 3 56
TEST 40 ARG:53 66 85 63 54 7 19 62 74 4 16 42 60 30 86 35 44 71 20 32 82 64 34 43 2 96 23 70 90 73 67 80 40 26 0 31 52 97 47 45 56 1 39 72 36 38 98 61 13 68 83 9 99 41 29 77 12 93 22 37 89 3 95 27 33 49 91 15 76 87 51 25 59 10 84 46 88 50 79 18 57 58 6 48 24 8 75 5 28 81 17 14 78 94 69 92 11 55 65 21
TEST 41 ARG:3 54 98 12 94 9 64 2 93 34 28 23 77 46 75 7 91 14 15 5 26 59 62 42 20 97 13 1 33 81 56 71 19 49 57 25 31 79 21 44 41 55 51 60 30 99 50 68 48 52 8 4 27 40 69 67 66 11 83 88 16 37 96 78 74 65 38 90 92 39 18 84 53 22 63 76 87 0 73 24 6 80 85 35 29 43 10 58 72 89 70 61 86 17 32 82 36 95 47 45
TEST 42 ARG:10 65 15 14 40 36 73 48 0 85 46 62 9 11 43 38 26 13 53 33 69 1 31 5 25 32 66 6 55 54 91 8 78 75 22 45 97 81 76 2 83 77 44 3 30 74 23 88 34 95 39 37 28 89 59 60 16 56 21 50 99 42 27 70 4 24 93 12 96 49 71 86 82 61 79 80 68 94 29 52 20 84 72 17 67 19 18 7 47 58 87 64 92 57 98 51 90 41 35 63
TEST 43 ARG:44 23 0 90 2 87 47 7 40 94 28 48 98 27 70 55 36 32 11 17 57 25 89 1 66 95 91 13 74 30 52 10 86 54 58 22 14 76 53 3 60 85 49 15 43 73 81 29 67 51 6 82 45 65 93 39 42 63 38 46 96 56 77 79 92 61 88 84 72 83 33 16 21 26 64 80 68 41 78 50 62 97 12 35 99 71 18 69 31 4 20 5 8 34 59 75 37 9 19 24
TEST 44 ARG:23 77 89 50 84 39 18 57 37 34 94 68 81 45 74 62 0 80 41 14 55 1 96 64 58 13 56 85 95 49 98 9 27 73 32 60 91 70 40 66 43 86 2 46 79 61 63 20 5 76 71 6 4 72 44 97 19 38 33 93 26 28 88 8 53 59 83 36 25 16 35 75 90 17 65 51 31 69 52 47 54 11 30 82 42 78 12 29 21 48 87 24 7 92 99 3 15 22 67 10
TEST 45 ARG:29 23 98 9 6 0 90 63 71 83 48 73 18 56 13 15 78 41 11 37 82 88 59 25 97 26 76 62 5 36 69 89 79 77 84 53 14 95 28 52 42 80 30 21 46 20 3 94 61 47 17 87 70 60 92 50 10 19 38 57 81 4 66 24 31 49 43 45 16 85 22 68 67 34 51 8 91 93 7 33 35 39 55 74 64 96 1 32 44 75 99 58 65 86 72 12 2 54 40 27
TEST 46 ARG:38 34 50 53 26 94 36 65 80 56 81 95 61 49 27 9 75 93 89 16 21 23 96 28 24 7 73 39 62 3 88 4 29 45 72 31 67 70 99 18 41 86 55 42 57 48 87 1 10 17 77 58 69 52 59 74 90 44 91 84 11 76 12 32 25 8 64 79 78 98 66 85 46 6 33 40 14 97 68 63 60 71 37 5 83 92 54 20 47 2 15 22 82 0 35 43 13 19 30 51
TEST 47 ARG:65 56 86 40 11 47 19 44 61 32 83 50 94 1 84 13 24 58 64 77 12 67 59 98 81 38 20 45 10 2 90 31 76 89 36 42 22 71 43 46 88 66 3 54 17 82 23 30 7 18 68 5 93 4 9 15 39 95 73 34 91 35 63 92 6 97 33 0 8 49 62 70 79 57 28 16 69 48 72 85 75 60 14 29 27 37 53 74 51 41 55 26 96 78 25 99 80 87 21 52
TEST 48 ARG:3 87 20 59 77 79 65 93 23 36 29 49 32 15 83 44 27 12 4 53 52 9 82 13 57 38 61 95 17 46 91 25 66 43 40 6 45 94 78 26 74 0 42 51 73 18 62 31 70 86 10 89 88 48 60 55 11 75 47 81 8 7 84 98 50 22 34 35 67 69 14 5 30 21 19 63 58 64 76 54 90 2 97 71 92 39 24 56 1 37 85 68 96 16 28 99 72 41 80 33
TEST 49 ARG:32 65 24 19 94 44 92 99 64 50 86 46 47 73 39 68 0 95 85 91 52 38 79 21 18 20 71 70 67 1 87 58 13 41 54 35 96 76 25 28 23 55 8 5 14 27 30 48 78 2 16 61 59 42 69 43 6 93 49 45 12 22 26 63 11 4 7 10 37 77 60 9 34 89 53 57 17 83 29 72 97 56 74 40 84 81 31 3 33 80 51 88 15 66 36 62 90 98 75 82
TEST 50 ARG:35 73 64 10 98 59 54 22 66 31 18 85 41 38 44 96 0 74 15 4 78 1 91 7 53 6 21 25 89 9 51 26 39 47 88 76 30 3 14 48 17 86 92 12 90 84 45 58 27 93 37 16 29 34 65 43 62 42 55 67 28 40 77 80 56 23 20 33 79 60 81 83 5 75 82 87 95 71 46 2 13 99 70 11 68 52 57 50 32 72 63 61 97 19 94 36 69 24 49 8
TEST 51 ARG:73 64 45 66 84 5 95 61 9 17 21 77 57 93 4 81 98 71 68 36 35 63 85 27 69 65 55 33 22 0 53 24 58 40 67 30 59 96 88 86 34 43 42 46 97 10 7 82 11 78 94 44 32 39 89 41 25 16 31 47 51 87 14 28 38 52 12 90 60 1 37 49 23 6 76 2 70 74 54 91 79 80 75 18 29 3 72 50 15 92 13 8 56 48 19 20 26 83 99 62
TEST 52 ARG:85 26 11 82 39 67 79 68 0 89 62 66 46 97 84 71 53 23 73 41 22 50 10 15 42 36 86 77 31 34 45 32 29 57 58 91 87 30 47 72 65 18 63 51 19 14 69 38 8 52 78 75 48 25 24 95 27 20 16 60 12 9 64 5 83 55 6 7 61 70 28 59 92 49 37 35 81 99 2 17 1 4 13 54 93 43 98 94 76 96 56 33 80 40 3 90 88 21 44 74
TEST 53 ARG:70 2 75 15 6 90 1 31 30 94 16 54 40 17 37 71 63 99 60 91 11 84 8 83 89 32 25 59 67 4 23 85 47 72 97 39 46 55 26 9 82 27 92 95 56 43 36 35 21 62 76 66 5 57 29 3 10 38 14 88 77 13 61 73 0 93 22 42 65 81 87 12 53 49 96 45 18 28 58 34 80 20 69 98 50 86 33 74 44 7 19 24 68 78 51 41 52 79 48 64
TEST 54 ARG:44 16 29 40 70 7 60 10 68 14 51 25 88 27 5 36 9 91 1 20 37 26 18 42 80 90 58 87 48 32 24 61 0 65 41 84 66 56 39 50 59 64 22 57 30 31 15 86 2 33 28 23 96 76 4 35 83 82 79 89 55 92 19 63 13 49 78 74 75 77 3 98 11 47 12 8 95 97 62 54 94 73 72 69 53 45 43 71 85 67 81 6 21 46 38 34 17 99 52 93
TEST 55 ARG:45 15 44 30 16 26 48 88 6 11 34 21 12 55 74 22 40 75 72 90 18 3 78 14 84 17 54 87 92 94 73 36 20 98 71 57 31 47 82 83 76 39 56 68 95 80 52 99 19 25 0 89 65 69 96 66 51 63 33 58 79 50 29 97 42 38 10 37 9 7 64 70 41 85 5 61 93 49 28 23 13 62 24 43 86 77 67 27 81 1 2 46 59 4 53 35 60 8 91 32
TEST 56 ARG:28 60 70 7 90 77 97 6 13 2 58 50 34 64 82 43 42 87 76 15 19 66 16 75 94 78 1 54 57 56 24 21 38 46 95 74 79 52 25 8 29 12 63 67 89 47 51 68 32 65 96 22 84 10 26 31 4 53 9 85 35 3 44 17 49 93 36 88 62 18 71 99 48 80 69 81 73 98 91 72 41 45 27 59 61 20 0 14 86 33 37 5 40 30 11 39 92 23 83 55
TEST 57 ARG:62 36 35 49 12 76 41 24 32 23 97 2 99 6 79 34 10 50 25 94 39 95 14 52 96 82 27 70 8 67 38 81 90 91 43 74 28 13 5 64 40 11 48 65 85 51 69 72 21 44 3 88 29 66 46 98 83 18 15 22 86 63 19 17 55 59 56 54 20 1 73 16 77 57 68 71 31 58 26 61 78 53 33 30 87 80 7 84 47 93 37 42 92 60 4 0 75 89 9 45
TEST 58 ARG:26 84 59 15 29 66 81 51 91 75 80 0 76 40 71 86 79 24 93 78 9 88 25 13 73 1 54 27 16 2 62 97 36 83 96 68 74 99 46 39 57 34 41 55 20 18 31 17 3 64 44 61 23 22 7 8 87 4 50 47 58 98 38 89 43 42 67 52 45 48 63 11 69 53 10 28 60 5 92 90 21 30 95 35 49 82 12 32 37 65 14 19 56 85 77 6 70 94 72 33
TEST 59 ARG:62 28 26 83 3 67 31 17 97 89 65 87 71 19 85 76 2 29 69 72 84 1 48 35 95 7 98 27 59 64 22 40 30 44 9 92 56 47 38 57 54 88 70 49 39 16 13 10 24 23 20 51 63 6 46 93 43 36 96 12 34 0 37 11 74 77 25 58 81 21 78 4 33 41 50 91 5 75 32 52 60 73 61 55 82 66 99 68 90 14 42 80 45 53 79 86 15 8 94 18
TEST 60 ARG:53 31 86 50 14 79 65 40 52 23 82 45 15 3 44 71 76 63 42 2 35 37 39 96 49 93 87 10 97 59 5 6 11 62 75 56 58 98 20 89 73 1 72 77 60 85 83 48 92 8 88 68 74 70 18 80 28 61 27 41 46 78 95 47 13 32 0 19 17 90 24 21 55 9 4 22 25 51 64 99 94 57 33 12 36 54 29 67 91 81 7 66 30 26 43 38 69 84 16 34
TEST 61 ARG:0 77 87 51 24 8 30 59 19 96 97 92 15 60 42 69 65 47 46 56 57 84 78 71 58 31 86 48 70 89 72 74 27 18 85 38 20 49 32 4 98 91 94 55 44 90 54 37 6 28 81 26 80 13 63 39 9 25 41 95 1 3 23 99 36 12 22 35 67 33 64 68 83 61 7 79 34 66 10 45 5 62 76 53 40 17 93 43 50 29 75 16 14 21 82 52 88 73 2 11
TEST 62 ARG:53 37 75 17 1 76 68 28 59 98 90 52 85 31 92 14 9 13 95 73 45 87 70 4 41 35 36 48 26 81 67 20 51 32 55 2 58 44 7 23 72 6 3 8 34 99 54 38 88 71 19 61 77 63 25 57 24 60 22 39 93 49 27 62 21 5 69 15 46 42 47 64 16 30 10 43 79 84 80 40 56 89 86 83 91 66 18 74 96 50 11 97 94 29 65 82 12 0 33 78
TEST 63 ARG:19 42 29 53 13 61 94 34 98 24 36 48 22 6 75 59 44 76 55 28 21 58 89 69 1 49 82 66 78 39 85 95 93 91 64 14 86 16 9 97 62 32 27 81 31 88 18 26 84 73 77 54 80 11 60 57 99 0 10 70 52 20 37 74 2 12 43 8 23 68 90 46 87 63 71 30 45 50 51 5 4 7 72 65 17 3 56 38 25 15 40 92 33 79 83 41 96 67 47 35
TEST 64 ARG:70 98 33 5 55 36 74 12 58 13 15 90 18 54 61 72 81 99 67 3 76 89 14 56 69 29 79 39 42 11 45 66 93 38 73 77 23 91 78 94 65 46 1 62 37 71 17 82 86 25 10 84 83 43 59 40 35 16 75 60 68 57 24 8 51 53 50 49 27 6 92 48 97 34 21 7 41 63 85 44 87 32 31 30 64 96 47 9 88 26 2 22 80 52 95 20 19 28 0 4
TEST 65 ARG:46 39 64 13 29 16 26 31 86 90 36 56 2 41 19 89 1 52 61 92 38 21 93 27 73 72 80 96 28 9 54 84 47 44 95 85 48 58 98 60 14 59 66 76 82 77 18 83 51 88 15 71 97 81 12 0 40 37 6 91 65 11 62 23 50 94 20 3 43 55 34 78 53 17 57 99 7 69 8 45 25 74 30 5 75 67 42 22 79 63 33 87 70 24 35 10 32 49 4 68
TEST 66 ARG:31 9 72 44 25 34 26 49 61 16 58 57 45 74 41 77 94 36 86 71 88 10 6 81 22 73 99 83 79 92 78 17 37 52 85 54 38 4 20 2 15 70 19 5 18 43 80 50 68 93 1 66 21 39 63 98 47 48 8 51 64 29 46 56 89 62 90 0 42 67 60 53 95 82 65 55 59 3 13 27 33 97 87 91 30 24 76 14 11 28 35 12 40 32 96 69 84 7 23 75
TEST 67 ARG:8 11 31 15 6 83 40 1 21 20 16 17 44 46 87 30 33 88 64 86 12 10 96 97 4 92 41 84 58 62 27 79 22 3 25 73 38 7 28 98 48 95 19 34 85 36 23 78 54 42 65 76 47 77 37 50 59 82 55 68 43 57 70 72 32 67 5 52 61 80 26 35 0 13 9 90 99 56 24 89 81 66 29 94 75 69 49 63 60 71 51 18 2 93 39 53 74 14 45 91
TEST 68 ARG:29 79 58 45 54 34 52 95 71 67 68 17 20 8 2 19 11 60 87 14 89 93 43 12 36 78 97 72 16 64 57 24 39 62 82 75 88 41 69 32 81 86 44 53 56 42 48 38 28 25 55 21 18 76 85 7 47 50 26 90 83 61 37 5 77 59 73 70 6 46 49 63 91 84 13 98 74 40 80 94 99 3 0 35 4 31 9 92 27 22 96 1 65 51 10 30 66 33 15 23
TEST 69 ARG:44 66 65 61 81 89 48 19 78 21 73 45 29 60 26 98 22 88 25 37 9 77 74 91 34 95 84 92 68 6 24 8 87 69 64 42 4 94 38 40 83 27 96 76 30 71 7 62 97 79 20 56 46 53 75 16 5 23 93 11 86 32 10 33 28 67 54 1 0 57 12 39 85 80 14 82 52 50 49 13 31 72 58 43 15 59 2 63 17 51 36 90 3 47 41 55 35 99 70 18
TEST 70 ARG:46 73 81 54 38 7 43 53 8 93 4 95 90 5 25 44 51 96 79 61 29 18 58 27 94 6 16 52 87 84 74 56 75 65 14 55 0 97 26 22 17 60 10 20 11 91 69 80 71 35 59 3 64 19 72 62 49 12 21 28 23 70 92 24 41 48 32 57 66 63 13 40 86 76 47 37 78 88 67 83 31 77 1 85 99 50 98 15 33 34 9 39 68 2 42 45 82 30 89 36
TEST 71 ARG:40 7 87 93 68 51 83 20 22 14 5 26 92 2 36 17 6 28 78 71 61 75 84 86 3 16 96 53 90 25 35 94 88 48 89 57 37 99 81 72 73 70 50 10 38 30 18 19 41 52 85 31 65 76 47 42 98 11 32 24 77 80 4 55 66 12 33 56 60 27 8 45 74 23 67 79 9 64 43 44 34 62 49 69 97 46 39 58 1 59 21 15 13 82 91 63 0 95 29 54
TEST 72 ARG:72 41 56 23 67 12 9 29 77 46 39 45 6 31 58 95 74 11 30 84 73 25 57 14 66 86 7 49 34 93 88 52 85 19 54 87 99 18 82 10 32 91 53 16 26 50 98 69 5 48 42 43 0 33 36 76 55 80 65 15 38 2 71 47 59 13 17 61 83 21 44 75 68 60 79 8 28 35 64 4 63 78 1 96 24 22 40 81 90 70 89 20 51 92 37 97 94 3 27 62
TEST 73 ARG:26 72 18 84 62 24 96 49 17 78 85 91 83 5 79 39 27 9 56 76 48 99 46 7 90 60 93 66 71 52 97 58 6 38 32 63 57 14 75 74 43 34 80 61 13 33 16 82 1 40 89 36 2 11 88 70 3 98 65 68 55 29 22 21 15 44 47 41 50 92 25 95 73 42 87 77 86 51 10 4 53 37 23 67 31 69 8 19 28 0 45 81 12 35 30 20 94 54 64 59
TEST 74 ARG:77 86 23 99 81 8 19 93 50 89 34 41 28 32 56 40 78 0 12 53 57 98 59 55 37 9 18 17 61 31 1 70 10 5 3 42 14 90 35 24 13 88 26 95 52 73 49 67 33 75 92 39 27 72 96 58 20 6 36 47 91 64 15 80 51 29 94 7 69 66 48 74 11 46 85 79 4 82 45 63 38 83 71 97 62 22 68 30 54 84 25 87 2 76 43 21 44 60 65 16
TEST 75 ARG:40 60 93 45 6 7 51 1 56 78 29 5 42 17 36 65 79 34 43 74 25 28 62 69 94 58 64 84 39 12 90 52 55 37 26 97 73 14 80 30 9 0 57 11 35 96 44 46 99 76 21 86 92 98 47 75 87 48 70 18 66 41 83 33 19 31 68 95 81 22 77 20 72 85 71 91 24 32 13 49 63 89 16 61 10 88 54 27 38 3 82 15 53 23 67 50 4 8 2 59
TEST 76 ARG:67 64 16 0 29 54 20 4 89 47 43 63 11 75 86 35 56 31 66 8 80 71 83 36 41 94 14 88 72 23 10 5 49 77 30 85 38 53 44 39 59 34 73 27 62 91 13 69 2 98 9 60 24 21 57 92 90 22 32 46 28 76 65 33 1 40 12 52 6 82 37 50 96 25 18 74 61 99 97 78 26 95 93 70 7 19 58 17 51 48 84 81 55 87 79 45 68 15 42 3
TEST 77 ARG:35 88 43 53 92 79 73 18 29 13 48 65 11 8 45 81 72 91 36 22 87 49 67 19 33 46 69 60 54 98 15 39 86 7 10 95 16 68 59 40 24 96 44 99 20 41 71 23 50 6 82 2 14 25 27 90 5 52 70 75 3 85 64 62 93 63 38 32 76 17 37 78 84 80 9 51 61 57 77 30 56 0 47 34 89 31 12 58 74 42 83 26 94 21 1 66 28 55 4 97
TEST 78 ARG:81 30 95 33 84 21 38 66 37 83 28 43 9 41 45 56 48 7 85 75 50 57 94 24 8 65 47 98 34 10 67 96 44 42 16 63 53 3 68 77 20 62 86 39 27 73 79 25 80 60 58 5 29 99 12 90 40 0 55 18 61 76 19 46 51 2 13 69 35 49 22 4 31 11 64 1 89 72 36 14 78 17 6 15 70 23 97 59 92 93 82 32 88 54 87 71 74 91 52 26
TEST 79 ARG:13 3 89 82 93 0 67 94 15 73 9 45 79 83 5 42 59 51 86 16 11 31 38 71 76 37 72 97 46 88 21 62 41 58 26 69 49 63 23 70 20 2 47 54 43 99 80 12 52 27 84 18 96 68 53 48 81 29 14 74 6 44 91 90 78 66 1 50 60 28 36 40 25 24 77 32 19 75 64 39 61 10 22 4 8 92 33 87 85 7 98 65 17 30 35 55 34 95 57 56
TEST 80 ARG:33 85 54 95 21 9 23 14 34 27 87 19 38 59 70 41 93 56 43 94 50 10 32 45 40 16 82 76 96 84 79 39 99 55 74 53 7 29 73 77 88 52 46 64 13 62 51 11 37 60 67 97 63 98 28 15 8 5 66 89 68 20 83 42 17 90 1 36 61 26 75 91 6 86 48 69 57 30 72 92 81 3 0 35 47 58 12 2 44 25 24 65 22 49 71 4 18 80 78 31
TEST 81 ARG:28 9 67 5 64 73 43 59 18 63 95 40 75 68 82 77 58 71 2 3 57 69 70 87 6 80 33 66 25 51 37 49 24 48 14 84 29 56 55 46 94 61 89 50 88 7 1 17 20 0 31 13 35 86 85 26 74 81 96 23 42 22 32 92 11 21 39 91 93 54 98 52 36 30 62 41 99 44 78 16 12 47 90 34 38 45 19 76 27 83 65 72 79 8 97 4 10 15 60 53
